local family body tail mid ilab slab post
INLAND 420 165 75 21 20 16 4
INLAND 420 162 82 21 NA NA 6
INLAND 420 162 82 21 20 16 6
INLAND 420 163 77 21 19 16 6
INLAND 420 164 79 21 20 16 6
INLAND 420 164 80 21 20 16 6
INLAND 420 165 78 21 20 16 6
INLAND 420 165 79 21 18 15 6
INLAND 420 165 81 21 20 16 6
INLAND 420 165 84 21 17 16 6
INLAND 420 166 80 21 19 16 6
INLAND 420 166 82 21 19 16 7
INLAND 420 163 82 21 20 14 6
INLAND 420 167 NA 21 19 15 6
INLAND 420 167 76 NA NA 16 6
INLAND 420 167 79 21 20 15 6
INLAND 437 165 76 21 20 16 6
INLAND 437 165 76 21 20 16 5
INLAND 437 166 85 21 20 16 6
INLAND 437 168 82 21 20 16 5
INLAND 438 159 NA 21 NA NA 6
INLAND 438 166 82 19 20 15 6
INLAND 438 166 83 19 19 NA 6
INLAND 438 167 82 19 20 13 6
INLAND 438 167 82 21 19 10 6
INLAND 438 168 81 19 20 12 6
INLAND 438 168 84 21 19 NA 8
INLAND 438 168 85 21 21 11 6
INLAND 438 168 83 21 20 11 6
INLAND 438 169 81 19 21 12 6
INLAND 438 169 78 21 18 16 7
INLAND 438 170 87 19 21 NA 6
INLAND 440 166 NA 19 21 16 6
INLAND 440 165 78 19 20 10 7
INLAND 440 165 79 19 16 NA 6
INLAND 440 167 72 19 20 11 6
INLAND 440 168 NA 19 20 12 6
INLAND 440 168 78 21 21 10 7
INLAND 440 169 86 19 20 NA 6
INLAND 440 170 92 21 21 13 6
INLAND 494 169 74 19 20 16 6
INLAND 494 164 79 21 20 16 6
INLAND 494 166 78 21 20 16 6
INLAND 494 166 76 21 20 16 6
INLAND 494 168 78 21 20 16 6
INLAND 494 170 82 21 20 16 6
INLAND 494 172 78 21 20 16 6
INLAND 497 157 NA 21 20 16 6
INLAND 497 161 84 21 20 16 7
INLAND 497 164 75 21 19 16 7
INLAND 497 165 81 21 20 16 6
INLAND 497 165 82 21 20 16 6
INLAND 497 165 85 21 20 16 6
INLAND 497 166 72 21 20 16 6
INLAND 497 166 76 19 20 15 6
INLAND 497 168 80 19 20 16 6
INLAND 497 170 81 21 20 16 7
INLAND 507 166 81 19 20 16 6
INLAND 507 163 80 21 20 12 6
INLAND 507 166 81 21 19 16 5
INLAND 507 167 83 21 20 16 6
INLAND 507 170 82 19 20 15 6
INLAND 511 165 79 19 20 16 6
INLAND 511 166 79 21 20 16 7
INLAND 511 166 79 21 20 16 7
INLAND 511 167 81 21 20 16 6
INLAND 511 167 83 21 20 16 6
INLAND 511 170 81 21 20 16 6
INLAND 512 171 81 21 21 16 8
INLAND 512 166 82 21 21 16 7
INLAND 512 167 84 21 22 16 7
INLAND 512 169 80 21 21 16 6
INLAND 512 169 82 19 21 16 8
INLAND 512 169 88 21 20 16 7
INLAND 512 170 78 21 21 17 8
INLAND 515 160 74 19 20 16 7
INLAND 515 162 78 19 20 16 6
INLAND 515 165 83 21 20 16 6
INLAND 515 166 83 19 20 16 6
INLAND 515 168 78 19 20 16 6
INLAND 515 168 83 19 20 16 6
INLAND 515 170 84 17 20 16 6
INLAND 516 167 82 21 20 15 7
INLAND 516 161 78 21 20 16 6
INLAND 516 165 85 19 19 15 7
INLAND 516 166 82 19 20 16 8
INLAND 516 167 77 19 21 17 8
INLAND 516 167 91 21 20 16 7
INLAND 516 167 79 19 20 14 7
INLAND 516 170 76 21 20 16 6
INLAND 516 170 94 21 20 16 6
INLAND 516 171 78 19 20 16 8
INLAND 516 173 92 21 20 16 6
INLAND 516 182 90 21 20 16 6
INLAND 522 166 NA 19 20 16 6
INLAND 522 164 73 21 20 16 6
INLAND 522 165 79 21 20 16 7
INLAND 522 168 75 21 21 17 7
INLAND 522 168 77 21 20 16 7
INLAND 522 168 77 21 21 16 7
INLAND 522 168 79 21 20 16 6
INLAND 522 168 79 21 20 16 7
INLAND 522 171 78 21 20 17 7
INLAND 522 174 84 21 20 16 6
INLAND 534 172 NA 19 20 16 7
INLAND 534 167 87 21 20 16 6
INLAND 534 169 NA 21 20 16 6
INLAND 534 169 82 21 20 16 7
INLAND 534 171 84 21 20 16 6
INLAND 534 172 86 21 20 16 6
INLAND 534 173 89 21 20 16 6
INLAND 534 175 88 21 20 16 6
INLAND 534 176 87 21 20 16 6
INLAND 540 164 82 19 20 16 6
INLAND 540 164 81 21 20 16 6
INLAND 540 166 79 21 20 16 7
INLAND 540 166 81 19 20 15 7
INLAND 540 167 79 21 20 16 6
INLAND 540 168 82 19 20 16 6
INLAND 541 167 NA 19 20 16 6
INLAND 541 162 78 21 20 16 6
INLAND 541 168 83 21 20 15 6
INLAND 543 170 NA 21 21 16 6
INLAND 543  NA 77 NA 20 16 6
INLAND 543 164 73 21 20 16 6
INLAND 543 165 77 21 20 16 6
INLAND 543 165 79 21 20 14 6
INLAND 543 167 73 21 20 16 6
INLAND 543 167 77 21 20 16 6
INLAND 543 168 78 21 20 16 6
INLAND 543 170 78 21 20 16 6
INLAND 543 170 79 21 21 16 6
INLAND 543 172 78 21 20 16 6
INLAND 545 165 NA 21 20 16 7
INLAND 545 166 78 21 20 16 6
INLAND 545 166 79 21 20 16 7
INLAND 545 167 81 21 20 16 6
INLAND 545 169 85 21 20 16 6
INLAND 549 168 NA 19 21 16 5
INLAND 549 165 76 21 20 16 6
INLAND 549 165 82 21 20 16 6
INLAND 549 168 76 21 20 16 6
INLAND 549 168 79 19 20 16 6
INLAND 549 171 76 21 20 16 6
INLAND 549 172 79 21 20 16 6
INLAND 550 167 74 19 20 16 8
INLAND 550 166 80 19 20 16 5
INLAND 550 167 76 21 20 16 6
INLAND 554 167 74 21 20 16 7
INLAND 554 172 81 19 20 16 7
INLAND 556 165 81 19 20 16 6
INLAND 556 166 83 21 20 16 5
INLAND 556 166 88 21 20 16 6
INLAND 556 167 NA 21 20 16 6
INLAND 556 167 80 21 20 16 6
INLAND 556 168 83 21 20 16 6
INLAND 556 169 88 21 21 16 6
INLAND 556 171 86 21 20 16 7
INLAND 591 166 79 19 20 17 8
INLAND 591 166 72 19 20 16 6
INLAND 676 161 87 21 20 16 6
INLAND 676 154 85 21 20 16 7
INLAND 676 155 81 21 20 16 7
INLAND 676 160 83 21 20 16 7
INLAND 676 162 84 21 20 16 6
INLAND 686 163 78 21 20 16 6
INLAND 686 160 81 21 20 18 6
INLAND 686 161 82 21 20 16 6
INLAND 686 164 81 21 20 17 6
INLAND 686 166 77 19 18 15 6
INLAND 686 166 80 21 19 16 6
INLAND 686 168 81 21 20 16 6
INLAND 687 161 78 19 20 16 7
INLAND 687 160 82 21 20 16 8
INLAND 687 162 73 21 20 16 7
INLAND 687 165 78 19 20 16 6
INLAND 687 168 79 19 20 16 6
INLAND 687 170 78 19 20 16 6
INLAND 687 171 75 19 20 16 6
INLAND 687 171 84 19 20 16 6
INLAND 693 165 82 21 20 16 6
INLAND 693 165 76 19 20 16 6
INLAND 693 165 76 19 20 16 6
INLAND 693 165 84 21 20 16 6
INLAND 693 169 79 21 20 16 6
INLAND 693 170 76 19 20 15 6
INLAND 693 171 79 21 19 16 6
INLAND 697 169 82 19 20 16 6
INLAND 697 166 84 21 21 16 6
INLAND 697 167 78 21 20 16 5
INLAND 697 169 86 21 20 16 6
INLAND 697 169 89 21 21 16 7
INLAND 697 170 79 21 20 16 6
INLAND 697 170 82 21 20 16 6
INLAND 698 165 80 21 20 17 7
INLAND 698 166 84 21 20 16 8
INLAND 698 168 79 19 20 16 7
INLAND 698 167 78 19 20 16 6
INLAND 698 169 81 21 20 15 8
INLAND 698 169 83 19 20 14 6
INLAND 703  NA 86 21 20 16 6
INLAND 703 164 79 21 20 16 6
INLAND 703 167 83 21 20 16 6
INLAND 703 168 83 21 20 16 6
INLAND 703 168 83 21 20 16 6
INLAND 703 169 85 21 20 15 6
INLAND 703 167 85 21 20 16 6
INLAND 703 169 85 21 20 16 6
INLAND 703 171 81 21 20 16 6
INLAND 703 173 83 21 20 16 6
INLAND 703 174 84 21 20 16 7
INLAND 704 167 83 21 20 15 6
INLAND 704 164 76 19 20 16 6
INLAND 704 169 75 21 20 16 6
INLAND 704 173 77 21 20 16 6
INLAND 711 169 83 21 21 16 7
INLAND 711 161 79 21 20 16 5
INLAND 711 167 81 21 23 16 7
INLAND 711 168 77 21 22 16 6
INLAND 711 168 84 21 20 17 6
INLAND 711 169 75 19 20 16 8
INLAND 711 169 86 21 20 16 8
INLAND 711 171 81 21 20 16 6
INLAND 712 162 75 21 20 16 7
INLAND 712 157 79 19 20 14 6
INLAND 712 160 81 21 20 16 6
INLAND 712 161 80 21 20 16 6
INLAND 712 162 74 21 20 15 6
INLAND 713 168 75 21 20 16 7
INLAND 713 165 80 19 20 16 6
INLAND 713 165 80 19 20 16 6
INLAND 713 166 76 19 20 16 6
INLAND 713 166 78 21 20 16 6
INLAND 713 166 80 21 24 16 6
INLAND 713 166 81 21 20 16 6
INLAND 713 167 78 21 20 16 6
INLAND 713 168 79 21 20 16 7
INLAND 720 160 79 19 20 16 6
INLAND 720 161 81 21 20 16 4
INLAND 720 163 78 21 20 16 6
INLAND 720 164 76 21 20 16 4
INLAND 720 165 78 21 19 15 6
INLAND 720 165 80 21 20 15 6
INLAND 720 165 80 21 20 16 5
INLAND 720 170 77 19 19 15 4
INLAND 724 166 NA 21 19 16 6
INLAND 724 162 81 21 20 15 7
INLAND 724 165 83 21 20 16 5
INLAND 724 166 83 21 20 16 6
INLAND 724 165 78 19 21 16 6
INLAND 724 167 78 21 20 14 6
INLAND 724 167 77 21 20 14 6
INLAND 724 169 84 21 20 16 7
INLAND 729 164 82 21 20 16 6
INLAND 729 164 80 21 20 16 4
INLAND 729 165 77 21 19 16 4
INLAND 737 166 NA 21 20 16 6
INLAND 737 163 NA 21 20 16 6
INLAND 737 164 80 21 20 16 6
INLAND 737 167 75 21 20 16 6
INLAND 737 167 80 21 20 16 6
INLAND 737 167 81 21 20 16 6
INLAND 737 168 75 21 20 16 6
INLAND 737 169 77 21 20 16 7
INLAND 737 169 79 21 20 16 6
INLAND 737 169 80 21 20 16 6
INLAND 895 165 80 19 20 16 7
INLAND 895 161 84 21 20 16 8
INLAND 895 163 76 19 20 16 5
INLAND 895 164 79 21 20 16 8
INLAND 895 166 81 21 20 16 7
INLAND 895 170 78 19 20 16 8
INLAND 895 173 84 21 20 16 7
INLAND 896 168 84 21 20 16 6
INLAND 896 164 89 21 20 15 6
INLAND 896 165 84 21 20 16 6
INLAND 896 167 81 21 20 16 6
INLAND 896 167 88 21 19 16 6
INLAND 896 168 86 21 20 16 6
INLAND 896 169 84 21 20 16 6
INLAND 896 169 85 21 20 16 6
INLAND 905 164 78 21 20 16 6
INLAND 905 160 82 21 20 16 6
INLAND 905 163 80 21 20 16 6
INLAND 905 160 77 21 20 16 6
INLAND 905 161 83 21 21 15 6
INLAND 905 162 77 21 20 16 6
INLAND 905 167 78 21 20 16 6
INLAND 911 162 82 21 20 16 6
INLAND 911 165 80 21 20 16 6
INLAND 911 165 78 21 20 16 6
INLAND 911 166 80 21 19 16 6
INLAND 911 166 80 21 20 16 7
INLAND 911 166 86 21 20 16 6
INLAND 911 168 82 21 20 16 5
INLAND 911 168 83 21 20 16 6
INLAND 911 172 82 21 20 16 6
INLAND 916 170 76 19 19 16 7
INLAND 916 164 80 21 20 16 7
INLAND 916 164 80 21 20 16 6
INLAND 916 163 75 21 19 15 6
INLAND 918 162 76 19 20 16 6
INLAND 918 159 88 21 20 11 6
INLAND 918 160 86 21 20 14 6
INLAND 918 164 77 21 19 14 6
INLAND 920 173 80 19 20 16 6
INLAND 920  NA 77 19 20 15 6
INLAND 920 159 75 19 20 16 6
INLAND 920 165 86 19 19 16 5
INLAND 920 165 79 19 20 16 4
INLAND 920 166 87 21 20 16 6
INLAND 920 167 81 19 20 16 5
INLAND 924 174 77 21 19 16 7
INLAND 924 162 82 21 20 18 6
INLAND 924 164 82 21 21 16 6
INLAND 924 167 75 21 20 16 7
INLAND 924 167 83 21 20 16 6
INLAND 924 168 80 21 20 16 6
INLAND 924 168 82 21 20 16 6
INLAND 924 170 72 21 20 16 5
INLAND 924 170 76 19 20 16 6
INLAND 929 161 83 19 20 16 6
INLAND 934 171 78 21 20 16 6
INLAND 934 166 76 21 20 16 5
INLAND 939 166 80 19 21 16 7
INLAND 939 NA 74 19 20 16 4
INLAND 939 NA 79 21 19 15 6
INLAND 939 161 78 21 20 16 3
INLAND 939 161 80 21 20 16 6
INLAND 939 165 85 21 21 16 6
INLAND 939 166 79 21 20 17 4
INLAND 939 164 79 21 20 16 6
INLAND 939 168 79 21 20 15 6
INLAND 939 171 92 19 20 13 6
INLAND 940 167 84 19 20 16 7
INLAND 940 NA 80 21 20 16 8
INLAND 947 168 85 21 20 15 5
INLAND 947 NA  NA NA 18 16 5
INLAND 976 163 73 19 20 15 7
INLAND 976  NA NA 21 20 13 6
INLAND 976 165 79 21 20 14 6
INLAND 976 167 79 19 20 16 6
INLAND 976 168 82 21 20 16 6
INLAND 976 170 80 21 19 16 6
INLAND 976 172 82 21 20 16 4
INLAND 986 165 80 21 20 16 6
INLAND 986 165 76 21 20 16 6
INLAND 986 165 81 19 21 17 6
INLAND 986 167 75 19 20 16 6
INLAND 986 167 76 21 20 16 6
INLAND 986 167 84 21 20 16 6
INLAND 986 168 74 21 20 16 6
INLAND 987 165 NA 21 20 16 7
INLAND 987 162 80 21 20 11 6
INLAND 987 164 79 19 20 12 6
INLAND 987 166 80 19 20 NA 6
INLAND 987 166 80 21 20 NA 6
INLAND 998 171 84 19 20 16 6
INLAND 998 167 89 19 20 16 6
INLAND 998 168 79 21 20 16 4
INLAND 1004 166 75 19 20 16 7
INLAND 1004 170 78 19 20 16 4
INLAND 1004 170 83 19 20 16 6
INLAND 1005 166 80 21 21 16 7
INLAND 1005 164 81 21 20 16 6
INLAND 1005 166 83 21 20 16 8
INLAND 1005 169 76 21 20 16 7
INLAND 1008 170 79 19 20 16 7
INLAND 1008 169 77 21 20 16 6
INLAND 1008 171 79 21 20 16 6
INLAND 1011 167 82 21 22 17 6
INLAND 1011 168 78 21 21 16 6
INLAND 1011 168 80 21 20 16 6
INLAND 1011 170 83 21 20 16 7
INLAND 1011 170 86 21 20 16 6
INLAND 1044 164 77 19 20 16 6
INLAND 1044 NA  NA 21 20 16 6
INLAND 1044 NA  NA 21 20 16 6
INLAND 1044 NA  NA 21 20 16 6
INLAND 1044 NA  NA 21 20 16 6
INLAND 1044 NA  NA 21 20 16 7
INLAND 1044 NA  NA 21 21 17 6
INLAND 1044 164 80 19 20 16 6
INLAND 1044 167 75 21 20 16 6
INLAND 1044 167 76 21 20 16 7
INLAND 1044 167 81 21 20 16 6
INLAND 1044 168 83 21 20 16 5
INLAND 1045 164 77 21 21 16 6
INLAND 1045 162 79 19 20 16 6
INLAND 1045 163 NA 21 20 16 6
INLAND 1045 167 81 21 20 16 7
INLAND 1045 168 79 21 20 16 6
INLAND 1045 172 80 19 20 15 6
INLAND 1046 160 78 19 20 16 6
INLAND 1046 161 79 21 20 16 8
INLAND 1046 166 86 21 19 17 6
INLAND 1046 169 83 21 20 16 6
INLAND 1047 169 79 19 20 16 6
INLAND 1047 161 73 21 20 16 6
INLAND 1047 164 80 21 20 16 6
INLAND 1047 166 80 21 20 16 6
INLAND 1047 167 73 21 20 16 7
INLAND 1047 167 77 21 20 16 7
INLAND 1048 170 91 21 20 15 6
INLAND 1048 167 89 21 20 16 6
INLAND 1048 169 83 21 20 15 7
INLAND 1048 170 87 21 20 16 6
INLAND 1048 173 80 21 20 16 6
INLAND 1048 173 80 21 20 16 6
INLAND 1052 171 80 19 20 16 7
INLAND 1052  NA NA 21 20 16 6
INLAND 1052 165 79 21 20 16 6
INLAND 1052 168 79 21 20 15 6
INLAND 1052 171 83 21 19 16 7
INLAND 1052 172 83 21 20 16 6
INLAND 1052 172 84 19 19 16 5
INLAND 1056 170 78 21 20 14 7
INLAND 1056 166 86 19 20 16 8
INLAND 1056 168 87 21 20 16 6
INLAND 1058 165 78 19 20 16 6
INLAND 1058 162 80 21 20 16 6
INLAND 1058 166 83 21 20 16 7
INLAND 1058 167 81 21 20 16 6
INLAND 1058 167 86 21 20 16 6
INLAND 1058 169 81 21 20 16 6
INLAND 1060 169 81 19 20 16 6
INLAND 1169 163 NA 19 20 16 6
INLAND 1169 NA 83 21 20 16 6
INLAND 1169 NA 89 21 21 17 6
INLAND 1169 166 85 21 20 16 6
INLAND 1169 168 83 21 20 16 6
INLAND 1169 168 85 21 19 16 6
INLAND 1169 170 77 21 20 16 6
INLAND 1169 172 85 21 20 16 6
INLAND 1180 169 85 21 20 16 6
INLAND 1180 167 81 19 20 16 7
INLAND 1180 168 81 21 20 16 7
INLAND 1180 171 81 21 20 16 6
INLAND 1180 171 84 21 20 16 7
INLAND 1180 171 89 19 20 16 7
INLAND 1180 172 83 21 19 16 6
INLAND 1185 166 NA 21 20 15 6
INLAND 1185 160 79 21 20 16 7
INLAND 1185 161 79 21 20 14 6
INLAND 1185 162 77 21 20 15 6
INLAND 1185 164 78 21 18 15 6
INLAND 1185 165 77 21 20 16 6
INLAND 1186 168 NA 19 21 16 7
INLAND 1186 NA  NA 19 20 16 7
INLAND 1186 164 85 21 20 16 4
INLAND 1186 169 84 21 20 16 6
INLAND 1186 175 88 19 20 16 5
INLAND 1200 167 76 19 20 15 6
INLAND 1200 163 74 19 20 16 8
INLAND 1200 168 72 19 20 15 8
INLAND 1200 168 76 19 20 15 7
INLAND 1200 168 78 19 20 16 6
INLAND 1200 169 83 21 20 14 7
INLAND 1200 170 77 19 20 13 6
INLAND 1212 171 81 19 20 14 6
INLAND 1227 168 83 21 20 16 6
INLAND 1227 NA  80 21 20 16 7
INLAND 1227 162 78 21 20 16 6
INLAND 1227 164 85 21 20 14 6
INLAND 1227 164 86 21 20 15 6
INLAND 1227 164 83 21 20 14 6
INLAND 1227 165 83 21 20 16 5
INLAND 1227 166 76 21 20 15 6
INLAND 1227 168 83 21 20 14 7
INLAND 1227 169 77 21 20 16 6
INLAND 1227 169 81 21 20 13 6
INLAND 1227 170 80 21 20 16 6
INLAND 160 171.051645 79.963572 20.954545 19.638325 15.809951 6.190111
INLAND 160 162.394547 80.062586 21.190963 19.608087 14.556188 6.125825
INLAND 160 164.394547 87.062586 21.190963 20.608087 15.556188 7.125825
INLAND 160 167.394547 NA        19.190963 20.608087 15.556188 6.125825
INLAND 160 166.394547 83.062586 21.190963 20.608087 16.556188 6.125825
INLAND 160 167.394547 83.062586 21.190963 19.608087 15.556188 6.125825
INLAND 160 169.394547 83.062586 21.190963 20.608087 15.556188 7.125825
INLAND 160 173.394547 84.062586 21.190963 21.608087 15.556188 6.125825
INLAND 160 173.394547 86.062586 21.190963 19.608087 15.556188 6.125825
INLAND 249 165.051645 82.963572 18.954545 19.638325 15.809951 6.190111
INLAND 249 NA NA NA NA NA NA
INLAND 249 166.394547 95.062586 NA 19.608087 16.556188 4.125825
INLAND 249 169.394547 81.062586 19.190963 20.608087 15.556188 6.125825
INLAND 249 169.394547 NA        21.190963 19.608087 15.556188 6.125825
INLAND 259 162.051645 73.963572 18.954545 19.638325 15.809951 6.190111
INLAND 259 160.394547 77.062586 21.190963 19.608087 14.556188 6.125825
INLAND 259 161.394547 76.062586 21.190963 19.608087 15.556188 6.125825
INLAND 259 162.394547 69.062586 19.190963 19.608087 15.556188 6.125825
INLAND 259 162.394547 77.062586 19.190963 20.608087 15.556188 6.125825
INLAND 259 163.394547 NA        21.190963 19.608087 14.556188 6.125825
INLAND 259 163.394547 76.062586 21.190963 19.608087 15.556188 6.125825
INLAND 259 165.394547 75.062586 19.190963 19.608087 15.556188 6.125825
INLAND 259 167.394547 75.062586 19.190963 19.608087 15.556188 6.125825
INLAND 259 171.394547 79.062586 19.190963 23.608087 15.556188 6.125825
INLAND 259 172.394547 79.062586 19.190963 19.608087 13.556188 7.125825
INLAND 260 167.051645 76.963572 18.954545 19.638325 15.809951 6.190111
INLAND 260 153.394547 76.062586 NA        19.608087 15.556188 6.125825
INLAND 260 166.394547 77.062586 21.190963 19.608087 14.556188 6.125825
INLAND 265 165.051645 NA        16.954545 20.638325 15.809951 6.190111
INLAND 265 166.394547 74.062586 19.190963 19.608087 15.556188 7.125825
INLAND 265 166.394547 77.062586 21.190963 20.608087 17.556188 6.125825
INLAND 265 169.394547 77.062586 21.190963 19.608087 15.556188 6.125825
INLAND 265 171.394547 NA        19.190963 21.608087 15.556188 6.125825
INLAND 267 173.051645 73.963572 20.954545 19.638325 15.809951 6.190111
INLAND 267 169.394547 82.062586 19.190963 19.608087 15.556188 6.125825
INLAND 267 170.394547 81.062586 19.190963 19.608087 15.556188 6.125825
INLAND 267 170.394547 83.062586 21.190963 19.608087 15.556188 6.125825
INLAND 267 170.394547 84.062586 21.190963 17.608087 13.556188 5.125825
INLAND 267 171.394547 78.062586 19.190963 19.608087 15.556188 6.125825
INLAND 267 172.394547 80.062586 19.190963 19.608087 15.556188 6.125825
INLAND 267 173.394547 83.062586 21.190963 19.608087 15.556188 6.125825
INLAND 268 166.051645 NA        20.954545 20.638325 16.809951 6.190111
INLAND 268 167.394547 83.062586 21.190963 22.608087 14.556188 7.125825
INLAND 274 171.051645 84.963572 20.954545 19.638325 15.809951 6.190111
INLAND 274 167.394547 81.062586 21.190963 19.608087 15.556188 7.125825
INLAND 274 167.394547 84.062586 21.190963 19.608087 15.556188 6.125825
INLAND 274 171.394547 92.062586 21.190963 19.608087 15.556188 6.125825
INLAND 274 171.394547 86.062586 19.190963 19.608087 15.556188 6.125825
INLAND 274 172.394547 83.062586 21.190963 20.608087 15.556188 6.125825
INLAND 274 173.394547 83.062586 21.190963 20.608087 15.556188 6.125825
INLAND 277 167.051645 79.963572 20.954545 19.638325 15.809951 6.190111
INLAND 277 161.394547 80.062586 21.190963 19.608087 16.556188 7.125825
INLAND 278 169.051645 82.963572 18.954545 20.638325 15.809951 6.190111
INLAND 278 165.394547 86.062586 19.190963 21.608087 17.556188 6.125825
INLAND 278 168.394547 NA        21.190963 20.608087 15.556188 6.125825
INLAND 279 167.051645 63.963572 20.954545 20.638325 15.809951 6.190111
INLAND 279 165.394547 79.062586 19.190963 21.608087 15.556188 6.125825
INLAND 279 166.394547 81.062586 21.190963 21.608087 15.556188 6.125825
INLAND 279 167.394547 NA        21.190963 19.608087 15.556188 6.125825
INLAND 279 168.394547 82.062586 21.190963 21.608087 15.556188 7.125825
INLAND 279 169.394547 82.062586 21.190963 20.608087 15.556188 6.125825
INLAND 279 173.394547 77.062586 21.190963 20.608087 15.556188 6.125825
INLAND 283 165.051645 NA        18.954545 20.638325 15.809951 6.190111
INLAND 283 159.394547 81.062586 21.190963 19.608087 15.556188 6.125825
INLAND 283 167.394547 76.062586 21.190963 20.608087 15.556188 6.125825
INLAND 283 170.394547 NA        21.190963 19.608087 15.556188 6.125825
INLAND 352 164.051645 74.963572 18.954545 20.638325 15.809951 7.190111
INLAND 352 NA         80.062586 21.190963 NA        15.556188 6.125825
INLAND 352 153.394547 78.062586 21.190963 NA        NA        NA
INLAND 352 161.394547 78.062586 21.190963 19.608087 15.556188 6.125825
INLAND 352 164.394547 81.062586 21.190963 19.608087 14.556188 5.125825
INLAND 352 166.394547 75.062586 21.190963 19.608087 15.556188 6.125825
INLAND 352 167.394547 80.062586 21.190963 19.608087 15.556188 6.125825
INLAND 355 165.051645 75.963572 20.954545 19.638325 15.809951 6.190111
INLAND 355 160.394547 81.062586 21.190963 19.608087 13.556188 6.125825
INLAND 355 163.394547 75.062586 21.190963 19.608087 15.556188 6.125825
INLAND 355 163.394547 82.062586 21.190963 19.608087 15.556188 6.125825
INLAND 355 164.394547 79.062586 21.190963 19.608087 14.556188 7.125825
INLAND 355 165.394547 75.062586 21.190963 19.608087 14.556188 6.125825
INLAND 355 165.394547 78.062586 21.190963 19.608087 14.556188 6.125825
INLAND 355 165.394547 79.062586 21.190963 19.608087 13.556188 6.125825
INLAND 355 165.394547 79.062586 21.190963 19.608087 15.556188 6.125825
INLAND 355 165.394547 81.062586 21.190963 19.608087 14.556188 6.125825
INLAND 355 167.394547 83.062586 21.190963 19.608087 15.556188 7.125825
INLAND 355 167.394547 80.062586 21.190963 19.608087 14.556188 6.125825
INLAND 355 168.394547 82.062586 21.190963 19.608087 13.556188 6.125825
INLAND 355 170.394547 78.062586 21.190963 19.608087 15.556188 6.125825
INLAND 358 168.051645 79.963572 20.954545 20.638325 15.809951 6.190111
INLAND 358 168.394547 80.062586 21.190963 22.608087 16.556188 6.125825
INLAND 358 169.394547 83.062586 19.190963 19.608087 15.556188 6.125825
INLAND 369 169.051645 81.963572 20.954545 19.638325 15.809951 6.190111
INLAND 369 169.394547 77.062586 21.190963 19.608087 15.556188 6.125825
INLAND 369 169.394547 83.062586 21.190963 23.608087 16.556188 6.125825
INLAND 370 170.051645 77.963572 18.954545 19.638325 16.809951 6.190111
INLAND 370 166.394547 NA        21.190963 19.608087 14.556188 5.125825
INLAND 370 167.394547 80.062586 21.190963 19.608087 17.556188 6.125825
INLAND 370 173.394547 NA        21.190963 21.608087 15.556188 6.125825
INLAND 371 165.051645 82.963572 20.954545 19.638325 15.809951 6.190111
INLAND 371 163.394547 81.062586 21.190963 19.608087 15.556188 5.125825
INLAND 371 163.394547 83.062586 21.190963 20.608087 15.556188 4.125825
INLAND 371 165.394547 82.062586 21.190963 19.608087 16.556188 4.125825
INLAND 371 166.394547 NA        21.190963 19.608087 14.556188 4.125825
INLAND 371 167.394547 83.062586 21.190963 20.608087 15.556188 5.125825
INLAND 371 166.394547 81.062586 21.190963 22.608087 15.556188 4.125825
INLAND 374 NA         NA        20.954545 21.638325 14.809951 6.190111
INLAND 374 NA         74.062586 21.190963 19.608087 15.556188 4.125825
INLAND 374 161.394547 80.062586 21.190963 19.608087 15.556188 6.125825
INLAND 374 161.394547 80.062586 21.190963 19.608087 15.556188 4.125825
INLAND 374 162.394547 72.062586 21.190963 19.608087 15.556188 5.125825
INLAND 374 165.394547 83.062586 21.190963 19.608087 15.556188 4.125825
INLAND 374 166.394547 81.062586 21.190963 19.608087 15.556188 6.125825
INLAND 374 165.394547 80.062586 21.190963 20.608087 13.556188 4.125825
INLAND 375 160.051645 76.963572 20.954545 19.638325 15.809951 6.190111
INLAND 375 160.394547 NA        21.190963 19.608087 15.556188 6.125825
INLAND 375 168.394547 81.062586 21.190963 19.608087 15.556188 6.125825
INLAND 375 155.394547 80.062586 21.190963 19.608087 15.556188 6.125825
INLAND 376 170.051645 83.963572 18.954545 18.638325 15.809951 6.190111
INLAND 376 156.394547 85.062586 19.190963 21.608087 14.556188 6.125825
INLAND 376 169.394547 75.062586 19.190963 21.608087 15.556188 5.125825
INLAND 376 169.394547 84.062586 19.190963 19.608087 15.556188 6.125825
INLAND 376 169.394547 82.062586 19.190963 22.608087 16.556188 6.125825
INLAND 377 174.051645 76.963572 20.954545 19.638325 13.809951 6.190111
INLAND 377 169.394547 84.062586 21.190963 21.608087 15.556188 6.125825
INLAND 377 173.394547 82.062586 19.190963 20.608087 15.556188 6.125825
INLAND 377 173.394547 81.062586 19.190963 20.608087 15.556188 6.125825
INLAND 377 174.394547 84.062586 21.190963 19.608087 15.556188 6.125825
INLAND 379 166.051645 NA        20.954545 20.638325 15.809951 6.190111
INLAND 379 NA         81.062586 19.190963 19.608087 13.556188 4.125825
INLAND 379 166.394547 79.062586 21.190963 18.608087 15.556188 6.125825
INLAND 379 166.394547 80.062586 21.190963 18.608087 14.556188 6.125825
INLAND 379 167.394547 NA        21.190963 19.608087 15.556188 4.125825
INLAND 379 170.394547 82.062586 21.190963 19.608087 13.556188 6.125825
INLAND 379 170.394547 84.062586 21.190963 19.608087 15.556188 4.125825
INLAND 385 157.051645 73.963572 18.954545 NA        NA        6.190111
INLAND 385 165.394547 84.062586 21.190963 21.608087 20.556188 7.125825
INLAND 386 165.051645 82.963572 20.954545 20.638325 15.809951 6.190111
INLAND 386 171.394547 87.062586 21.190963 23.608087 15.556188 6.125825
INLAND 452 163.051645 NA        20.954545 19.638325 15.809951 6.190111
INLAND 452 164.394547 78.062586 19.190963 19.608087 15.556188 6.125825
INLAND 452 165.394547 81.062586 19.190963 19.608087 15.556188 6.125825
INLAND 452 166.394547 81.062586 19.190963 19.608087 15.556188 7.125825
INLAND 452 167.394547 79.062586 17.190963 18.608087 15.556188 6.125825
INLAND 452 168.394547 81.062586 21.190963 18.608087 15.556188 6.125825
INLAND 470 163.051645 81.963572 20.954545 19.638325 16.809951 7.190111
INLAND 470 157.394547 NA        21.190963 19.608087 15.556188 6.125825
INLAND 470 165.394547 68.062586 19.190963 19.608087 16.556188 6.125825
INLAND 474 170.051645 77.963572 20.954545 19.638325 15.809951 6.190111
INLAND 474 NA         85.062586 21.190963 20.608087 15.556188 6.125825
INLAND 482 165.051645 69.963572 20.954545 19.638325 15.809951 6.190111
INLAND 482 155.394547 81.062586 21.190963 20.608087 15.556188 6.125825
INLAND 482 155.394547 85.062586 21.190963 19.608087 15.556188 6.125825
INLAND 482 159.394547 84.062586 21.190963 22.608087 15.556188 6.125825
INLAND 482 161.394547 78.062586 21.190963 22.608087 15.556188 7.125825
INLAND 482 161.394547 83.062586 21.190963 21.608087 15.556188 6.125825
INLAND 485 161.051645 81.963572 20.954545 19.638325 15.809951 6.190111
INLAND 485 164.394547 83.062586 21.190963 21.608087 15.556188 6.125825
INLAND 485 168.394547 79.062586 21.190963 21.608087 16.556188 6.125825
INLAND 485 172.394547 85.062586 21.190963 21.608087 15.556188 6.125825
INLAND 486 167.051645 79.963572 18.954545 19.638325 15.809951 6.190111
INLAND 486 NA         NA        NA        22.608087 15.556188 6.125825
INLAND 904 168.051645 NA        18.954545 21.638325 15.809951 6.190111
INLAND 904 168.394547 79.062586 19.190963 19.608087 15.556188 8.125825
INLAND 904 168.394547 80.062586 19.190963 19.608087 15.556188 6.125825
INLAND 904 168.394547 82.062586 21.190963 19.608087 15.556188 6.125825
INLAND 904 171.394547 78.062586 19.190963 19.608087 15.556188 6.125825
INLAND 906 170.051645 80.963572 18.954545 19.638325 15.809951 6.190111
INLAND 906 166.394547 80.062586 19.190963 19.608087 16.556188 6.125825
INLAND 906 168.394547 78.062586 21.190963 20.608087 15.556188 5.125825
INLAND 906 170.394547 79.062586 21.190963 19.608087 15.556188 6.125825
INLAND 906 173.394547 80.062586 21.190963 19.608087 15.556188 6.125825
INLAND 908 168.051645 NA        20.954545 19.638325 15.809951 6.190111
INLAND 908 164.394547 83.062586 21.190963 19.608087 15.556188 6.125825
INLAND 908 164.394547 83.062586 21.190963 21.608087 15.556188 6.125825
INLAND 908 162.394547 78.062586 19.190963 20.608087 15.556188 6.125825
INLAND 908 166.394547 81.062586 21.190963 19.608087 15.556188 5.125825
INLAND 908 168.394547 74.062586 19.190963 19.608087 15.556188 6.125825
INLAND 917 160.051645 NA        20.954545 19.638325 15.809951 6.190111
INLAND 917 166.394547 79.062586 21.190963 19.608087 15.556188 5.125825
INLAND 921 163.051645 74.963572 18.954545 19.638325 15.809951 7.190111
INLAND 921 149.394547 75.062586 21.190963 19.608087 15.556188 6.125825
INLAND 921 158.394547 78.062586 21.190963 19.608087 15.556188 6.125825
INLAND 921 170.394547 86.062586 21.190963 19.608087 16.556188 5.125825
INLAND 921 171.394547 89.062586 19.190963 18.608087 15.556188 6.125825
INLAND 922 165.051645 79.963572 20.954545 19.638325 15.809951 6.190111
INLAND 922 161.394547 79.062586 21.190963 19.608087 15.556188 6.125825
INLAND 922 165.394547 76.062586 21.190963 19.608087 15.556188 6.125825
INLAND 922 166.394547 74.062586 21.190963 19.608087 17.556188 7.125825
INLAND 922 169.394547 79.062586 21.190963 19.608087 17.556188 7.125825
INLAND 923 166.051645 82.963572 20.954545 19.638325 15.809951 6.190111
INLAND 923 166.394547 82.062586 21.190963 20.608087 15.556188 6.125825
INLAND 923 173.394547 81.062586 21.190963 19.608087 15.556188 6.125825
INLAND 926 169.051645 77.963572 20.954545 19.638325 15.809951 6.190111
INLAND 926 165.394547 71.062586 19.190963 19.608087 16.556188 6.125825
INLAND 926 165.394547 79.062586 19.190963 19.608087 18.556188 6.125825
INLAND 926 167.394547 80.062586 21.190963 20.608087 18.556188 5.125825
INLAND 926 169.394547 82.062586 21.190963 19.608087 17.556188 6.125825
INLAND 926 172.394547 74.062586 21.190963 17.608087 17.556188 7.125825
INLAND 927 158.051645 82.963572 20.954545 19.638325 15.809951 7.190111
INLAND 927 157.394547 82.062586 19.190963 19.608087 15.556188 6.125825
INLAND 927 159.394547 72.062586 17.190963 19.608087 15.556188 6.125825
INLAND 927 159.394547 79.062586 21.190963 19.608087 16.556188 6.125825
INLAND 927 160.394547 74.062586 19.190963 19.608087 15.556188 6.125825
INLAND 927 161.394547 78.062586 19.190963 19.608087 15.556188 6.125825
INLAND 927 169.394547 86.062586 19.190963 19.608087 15.556188 6.125825
INLAND 930 162.051645 83.963572 18.954545 20.638325 15.809951 6.190111
INLAND 930 160.394547 83.062586 19.190963 19.608087 16.556188 6.125825
INLAND 930 163.394547 77.062586 21.190963 19.608087 17.556188 5.125825
INLAND 930 167.394547 85.062586 21.190963 19.608087 15.556188 6.125825
INLAND 931 170.051645 80.963572 20.954545 20.638325 16.809951 6.190111
INLAND 931 163.394547 81.062586 21.190963 19.608087 16.556188 4.125825
INLAND 931 173.394547 85.062586 21.190963 19.608087 15.556188 6.125825
INLAND 931 172.394547 77.062586 21.190963 19.608087 15.556188 6.125825
INLAND 931 174.394547 82.062586 21.190963 19.608087 16.556188 6.125825
INLAND 933 168.051645 83.963572 18.954545 21.638325 16.809951 6.190111
INLAND 933 168.394547 84.062586 19.190963 19.608087 14.556188 7.125825
INLAND 935 163.051645 NA        20.954545 19.638325 15.809951 6.190111
INLAND 935 164.394547 79.062586 19.190963 19.608087 21.556188 7.125825
INLAND 935 159.394547 76.062586 19.190963 19.608087 15.556188 6.125825
INLAND 935 167.394547 77.062586 19.190963 18.608087 14.556188 6.125825
INLAND 936 167.051645 81.963572 18.954545 23.638325 15.809951 6.190111
INLAND 936 NA         76.062586 21.190963 19.608087 15.556188 6.125825
INLAND 936 NA         87.062586 21.190963 19.608087 16.556188 7.125825
INLAND 936 163.394547 78.062586 21.190963 19.608087 15.556188 6.125825
INLAND 936 171.394547 78.062586 21.190963 20.608087 15.556188 6.125825
INLAND 936 172.394547 79.062586 19.190963 19.608087 16.556188 7.125825
INLAND 936 174.394547 81.062586 21.190963 19.608087 16.556188 6.125825
INLAND 936 174.394547 85.062586 19.190963 19.608087 15.556188 7.125825
INLAND 937 161.051645 NA        18.954545 19.638325 15.809951 6.190111
INLAND 937 156.394547 72.062586 19.190963 19.608087 15.556188 6.125825
INLAND 937 159.394547 74.062586 21.190963 19.608087 16.556188 6.125825
INLAND 937 159.394547 73.062586 21.190963 19.608087 15.556188 6.125825
INLAND 937 166.394547 NA        19.190963 19.608087 15.556188 6.125825
INLAND 938 169.051645 NA        20.954545 19.638325 15.809951 6.190111
INLAND 938 166.394547 75.062586 19.190963 19.608087 15.556188 6.125825
INLAND 938 172.394547 78.062586 21.190963 19.608087 15.556188 6.125825
INLAND 938 172.394547 83.062586 21.190963 19.608087 15.556188 6.125825
INLAND 941 169.051645 75.963572 18.954545 19.638325 15.809951 6.190111
INLAND 941 161.394547 76.062586 19.190963 19.608087 15.556188 4.125825
INLAND 941 163.394547 75.062586 21.190963 19.608087 14.556188 7.125825
INLAND 941 165.394547 72.062586 19.190963 21.608087 15.556188 6.125825
INLAND 941 165.394547 77.062586 21.190963 19.608087 15.556188 6.125825
INLAND 941 169.394547 71.062586 19.190963 20.608087 14.556188 6.125825
INLAND 941 169.394547 77.062586 19.190963 19.608087 15.556188 7.125825
INLAND 941 172.394547 77.062586 21.190963 19.608087 16.556188 5.125825
INLAND 942 168.051645 NA        18.954545 21.638325 15.809951 6.190111
INLAND 942 164.394547 79.062586 19.190963 19.608087 15.556188 6.125825
INLAND 942 165.394547 75.062586 19.190963 19.608087 15.556188 5.125825
INLAND 943 167.051645 87.963572 18.954545 20.638325 15.809951 8.190111
INLAND 943 163.394547 83.062586 21.190963 19.608087 17.556188 7.125825
INLAND 943 165.394547 80.062586 21.190963 19.608087 16.556188 7.125825
INLAND 943 166.394547 80.062586 21.190963 19.608087 15.556188 6.125825
INLAND 943 169.394547 83.062586 21.190963 19.608087 15.556188 6.125825
INLAND 944 166.051645 81.963572 20.954545 20.638325 15.809951 6.190111
INLAND 944 164.394547 79.062586 19.190963 19.608087 15.556188 6.125825
INLAND 946 161.051645 79.963572 20.954545 19.638325 15.809951 6.190111
INLAND 946 165.394547 87.062586 19.190963 21.608087 16.556188 6.125825
INLAND 946 165.394547 83.062586 19.190963 20.608087 15.556188 8.125825
INLAND 948 161.051645 NA        20.954545 19.638325 15.809951 6.190111
INLAND 948 NA        77.062586 21.190963 19.608087 15.556188 5.125825
INLAND 948 167.394547 73.062586 21.190963 19.608087 15.556188 6.125825
INLAND 948 163.394547 78.062586 21.190963 19.608087 15.556188 6.125825
INLAND 948 173.394547 79.062586 21.190963 19.608087 15.556188 6.125825
INLAND 949 164.051645 80.963572 18.954545 19.638325 15.809951 6.190111
INLAND 949 NA         NA        19.190963 18.608087 15.556188 4.125825
INLAND 949 157.394547 81.062586 21.190963 19.608087 15.556188 8.125825
INLAND 949 171.394547 84.062586 19.190963 19.608087 15.556188 6.125825
INLAND 950 166.051645 NA        20.954545 20.638325 15.809951 6.190111
INLAND 950 165.394547 82.062586 21.190963 20.608087 17.556188 6.125825
INLAND 950 168.394547 84.062586 19.190963 20.608087 17.556188 5.125825
INLAND 950 168.394547 88.062586 21.190963 22.608087 15.556188 6.125825
INLAND 950 169.394547 82.062586 21.190963 20.608087 15.556188 6.125825
INLAND 950 169.394547 89.062586 21.190963 19.608087 15.556188 6.125825
INLAND 950 170.394547 86.062586 21.190963 20.608087 15.556188 6.125825
INLAND 950 172.394547 84.062586 21.190963 21.608087 15.556188 6.125825
INLAND 950 173.394547 84.062586 19.190963 20.608087 16.556188 6.125825
INLAND 951 170.051645 NA        20.954545 19.638325 15.809951 6.190111
INLAND 951 160.394547 80.062586 21.190963 19.608087 15.556188 5.125825
INLAND 951 166.394547 83.062586 19.190963 19.608087 15.556188 6.125825
INLAND 951 167.394547 78.062586 21.190963 19.608087 15.556188 6.125825
INLAND 951 168.394547 83.062586 21.190963 21.608087 15.556188 6.125825
INLAND 951 169.394547 83.062586 21.190963 19.608087 15.556188 6.125825
INLAND 951 169.394547 85.062586 19.190963 19.608087 15.556188 6.125825
INLAND 951 171.394547 82.062586 21.190963 19.608087 15.556188 5.125825
INLAND 951 172.394547 87.062586 21.190963 21.608087 16.556188 5.125825
INLAND 954 166.051645 NA        20.954545 19.638325 15.809951 6.190111
INLAND 954 158.394547 75.062586 21.190963 21.608087 15.556188 6.125825
INLAND 954 161.394547 78.062586 21.190963 17.608087 15.556188 6.125825
INLAND 954 167.394547 80.062586 19.190963 20.608087 15.556188 7.125825
INLAND 954 168.394547 80.062586 21.190963 21.608087 15.556188 7.125825
INLAND 981 166.051645 80.963572 18.954545 19.638325 15.809951 6.190111
INLAND 981 165.394547 81.062586 21.190963 19.608087 15.556188 8.125825
INLAND 981 167.394547 78.062586 19.190963 19.608087 14.556188 8.125825
INLAND 981 167.394547 78.062586 21.190963 19.608087 15.556188 6.125825
INLAND 981 169.394547 77.062586 19.190963 20.608087 16.556188 8.125825
INLAND 981 169.394547 81.062586 21.190963 19.608087 14.556188 6.125825
INLAND 981 169.394547 83.062586 21.190963 20.608087 15.556188 6.125825
INLAND 999 165.051645 NA        18.954545 19.638325 14.809951 6.190111
INLAND 999 159.394547 77.062586 19.190963 19.608087 15.556188 6.125825
INLAND 999 162.394547 79.062586 21.190963 20.608087 16.556188 6.125825
INLAND 999 165.394547 79.062586 19.190963 19.608087 15.556188 6.125825
INLAND 999 165.394547 79.062586 19.190963 19.608087 15.556188 6.125825
INLAND 999 167.394547 77.062586 21.190963 19.608087 15.556188 7.125825
INLAND 999 167.394547 78.062586 19.190963 19.608087 16.556188 6.125825
INLAND 999 168.394547 78.062586 21.190963 19.608087 15.556188 7.125825
INLAND 1006 169.051645 77.963572 18.954545 21.638325 16.809951 8.190111
INLAND 1006 163.394547 84.062586 21.190963 20.608087 15.556188 6.125825
INLAND 1006 166.394547 85.062586 21.190963 19.608087 15.556188 7.125825
INLAND 1006 170.394547 81.062586 19.190963 19.608087 15.556188 7.125825
INLAND 1010 167.051645 83.963572 20.954545 22.638325 15.809951 6.190111
INLAND 1010 164.394547 84.062586 21.190963 22.608087 15.556188 6.125825
INLAND 1010 165.394547 84.062586 21.190963 19.608087 15.556188 6.125825
INLAND 1010 166.394547 82.062586 21.190963 19.608087 15.556188 6.125825
INLAND 1010 168.394547 84.062586 21.190963 19.608087 15.556188 6.125825
INLAND 1010 168.394547 85.062586 21.190963 19.608087 15.556188 6.125825
INLAND 1016 162.051645 75.963572 18.954545 19.638325 15.809951 6.190111
INLAND 1016 158.394547 85.062586 21.190963 19.608087 15.556188 6.125825
INLAND 1016 159.394547 82.062586 19.190963 19.608087 15.556188 6.125825
INLAND 1016 163.394547 80.062586 21.190963 19.608087 15.556188 7.125825
INLAND 1018 169.051645 79.963572 18.954545 19.638325 15.809951 6.190111
INLAND 1018 164.394547 89.062586 21.190963 19.608087 15.556188 6.125825
INLAND 1018 167.394547 87.062586 21.190963 19.608087 15.556188 8.125825
INLAND 1018 165.394547 85.062586 21.190963 19.608087 15.556188 6.125825
INLAND 1018 167.394547 84.062586 19.190963 18.608087 15.556188 6.125825
INLAND 1019 165.051645 76.963572 18.954545 19.638325 15.809951 7.190111
INLAND 1019 162.394547 84.062586 19.190963 19.608087 15.556188 6.125825
INLAND 1019 168.394547 80.062586 21.190963 18.608087 15.556188 7.125825
INLAND 1019 168.394547 81.062586 19.190963 19.608087 15.556188 6.125825
INLAND 1022 179.051645 77.963572 18.954545 19.638325 15.809951 8.190111
INLAND 1022 165.394547 88.062586 19.190963 19.608087 15.556188 7.125825
INLAND 1022 165.394547 91.062586 19.190963 19.608087 15.556188 7.125825
INLAND 1022 167.394547 85.062586 21.190963 19.608087 15.556188 6.125825
INLAND 1022 167.394547 90.062586 19.190963 19.608087 15.556188 6.125825
INLAND 1022 168.394547 78.062586 21.190963 19.608087 15.556188 6.125825
INLAND 1024 163.051645 77.963572 18.954545 19.638325 15.809951 7.190111
INLAND 1024 167.394547 79.062586 19.190963 19.608087 15.556188 6.125825
INLAND 1024 171.394547 84.062586 19.190963 19.608087 13.556188 6.125825
INLAND 1027 163.051645 82.963572 20.954545 19.638325 15.809951 6.190111
INLAND 1027 NA         NA        21.190963 19.608087 15.556188 6.125825
INLAND 1027 170.394547 86.062586 21.190963 19.608087 15.556188 5.125825
INLAND 1027 170.394547 86.062586 21.190963 19.608087 16.556188 4.125825
INLAND 1027 172.394547 87.062586 21.190963 19.608087 15.556188 4.125825
INLAND 1054 167.051645 NA        18.954545 19.638325 15.809951 6.190111
INLAND 1054 162.394547 81.062586 19.190963 19.608087 15.556188 8.125825
INLAND 1054 165.394547 82.062586 19.190963 19.608087 15.556188 6.125825
INLAND 1054 166.394547 83.062586 21.190963 16.608087 15.556188 8.125825
INLAND 1073 163.051645 75.963572 18.954545 19.638325 15.809951 6.190111
INLAND 1073 164.394547 74.062586 21.190963 19.608087 15.556188 6.125825
INLAND 1080 166.051645 82.963572 18.954545 19.638325 15.809951 6.190111
INLAND 1080 165.394547 75.062586 21.190963 20.608087 15.556188 4.125825
INLAND 1080 170.394547 77.062586 19.190963 19.608087 15.556188 6.125825
INLAND 1080 170.394547 79.062586 21.190963 19.608087 15.556188 6.125825
INLAND 1080 174.394547 81.062586 21.190963 20.608087 15.556188 6.125825
INLAND 1088 165.051645 80.963572 20.954545 23.638325 17.809951 7.190111
INLAND 1088 170.394547 81.062586 21.190963 19.608087 15.556188 6.125825
INLAND 1088 173.394547 79.062586 21.190963 21.608087 14.556188 6.125825
INLAND 1088 174.394547 95.062586 21.190963 19.608087 14.556188 4.125825
INLAND 1090 166.051645 74.963572 20.954545 19.638325 15.809951 6.190111
INLAND 1090 168.394547 81.062586 21.190963 19.608087 15.556188 7.125825
INLAND 1102 168.051645 85.963572 20.954545 22.638325 15.809951 6.190111
INLAND 1102 NA         NA        19.190963 19.608087 15.556188 6.125825
INLAND 1102 175.394547 81.062586 21.190963 19.608087 15.556188 6.125825
INLAND 1144 165.051645 81.963572 18.954545 19.638325 14.809951 6.190111
INLAND 1144 170.394547 85.062586 21.190963 19.608087 15.556188 6.125825
INLAND 1144 174.394547 84.062586 21.190963 19.608087 15.556188 6.125825
INLAND 1144 176.394547 79.062586 21.190963 19.608087 15.556188 6.125825
INLAND 1162 170.051645 79.963572 18.954545 22.638325 16.809951 6.190111
INLAND 1162 166.394547 81.062586 19.190963 19.608087 15.556188 6.125825
INLAND 1162 171.394547 81.062586 21.190963 20.608087 15.556188 7.125825
INLAND 1162 173.394547 79.062586 19.190963 19.608087 16.556188 8.125825
INLAND 1162 173.394547 82.062586 19.190963 19.608087 15.556188 7.125825
INLAND 1166 166.051645 76.963572 18.954545 19.638325 15.809951 6.190111
INLAND 1166 168.394547 84.062586 21.190963 19.608087 15.556188 7.125825
INLAND 1166 169.394547 82.062586 21.190963 19.608087 14.556188 6.125825
INLAND 1166 170.394547 81.062586 21.190963 19.608087 15.556188 6.125825
INLAND 1166 170.394547 81.062586 21.190963 19.608087 15.556188 6.125825
INLAND 1166 172.394547 86.062586 21.190963 19.608087 15.556188 6.125825
INLAND 1166 174.394547 86.062586 21.190963 19.608087 16.556188 7.125825
INLAND 1167 168.051645 82.963572 20.954545 19.638325 15.809951 6.190111
INLAND 1167 162.394547 83.062586 21.190963 19.608087 15.556188 6.125825
INLAND 1167 163.394547 83.062586 21.190963 19.608087 15.556188 6.125825
INLAND 1167 164.394547 85.062586 21.190963 19.608087 15.556188 6.125825
INLAND 1167 166.394547 83.062586 21.190963 20.608087 17.556188 8.125825
INLAND 1178 168.051645 81.963572 18.954545 19.638325 15.809951 6.190111
INLAND 1178 158.394547 87.062586 21.190963 19.608087 15.556188 6.125825
INLAND 1178 157.394547 86.062586 19.190963 19.608087 15.556188 6.125825
INLAND 1178 167.394547 86.062586 21.190963 19.608087 15.556188 6.125825
INLAND 1178 160.394547 85.062586 21.190963 19.608087 15.556188 6.125825
INLAND 1178 167.394547 88.062586 21.190963 19.608087 15.556188 6.125825
INLAND 1178 171.394547 89.062586 19.190963 20.608087 15.556188 6.125825
INLAND 1178 178.394547 92.062586 19.190963 19.608087 15.556188 7.125825
INLAND 1181 163.051645 NA        18.954545 19.638325 15.809951 6.190111
INLAND 1181 NA         NA        19.190963 20.608087 15.556188 6.125825
INLAND 1181 NA         NA        21.190963 19.608087 15.556188 6.125825
INLAND 1181 NA         76.062586 17.190963 NA         NA       NA
INLAND 1181 164.394547 NA        19.190963 19.608087 15.556188 6.125825
INLAND 1182 166.051645 82.963572 20.954545 19.638325 15.809951 6.190111
INLAND 1182 NA         84.062586 19.190963 19.608087 15.556188 6.125825
INLAND 1195 169.051645 77.963572 20.954545 19.638325 16.809951 6.190111
INLAND 1195 161.394547 64.062586 21.190963 19.608087 16.556188 6.125825
INLAND 1195 162.394547 74.062586 21.190963 19.608087 15.556188 6.125825
INLAND 1195 172.394547 76.062586 21.190963 19.608087 15.556188 7.125825
INLAND 1195 172.394547 77.062586 21.190963 18.608087 15.556188 6.125825
INLAND 1198 172.051645 83.963572 18.954545 19.638325 15.809951 6.190111
INLAND 1198 159.394547 81.062586 21.190963 19.608087 15.556188 5.125825
INLAND 1198 169.394547 83.062586 21.190963 19.608087 14.556188 4.125825
INLAND 1198 171.394547 84.062586 21.190963 20.608087 15.556188 5.125825
INLAND 1199 168.051645 77.963572 20.954545 19.638325 15.809951 5.190111
INLAND 1199 164.394547 64.062586 21.190963 20.608087 16.556188 6.125825
INLAND 1199 165.394547 73.062586 21.190963 19.608087 15.556188 6.125825
INLAND 1199 165.394547 75.062586 21.190963 20.608087 15.556188 6.125825
INLAND 1199 166.394547 74.062586 21.190963 21.608087 16.556188 6.125825
INLAND 1199 166.394547 78.062586 21.190963 19.608087 15.556188 6.125825
INLAND 1199 167.394547 77.062586 21.190963 19.608087 14.556188 6.125825
INLAND 1199 168.394547 76.062586 19.190963 19.608087 15.556188 6.125825
INLAND 1199 168.394547 81.062586 21.190963 19.608087 15.556188 6.125825
INLAND 1199 169.394547 79.062586 21.190963 19.608087 15.556188 6.125825
INLAND 1209 166.051645 NA        18.954545 19.638325 15.809951 6.190111
INLAND 1209 159.394547 73.062586 19.190963 19.608087 15.556188 6.125825
INLAND 1209 167.394547 79.062586 21.190963 19.608087 17.556188 6.125825
INLAND 1209 166.394547 80.062586 21.190963 20.608087 19.556188 7.125825
INLAND 1209 169.394547 77.062586 19.190963 20.608087 15.556188 6.125825
INLAND 1209 170.394547 75.062586 21.190963 20.608087 17.556188 7.125825
INLAND 1210 167.051645 80.963572 20.954545 19.638325 15.809951 6.190111
INLAND 1210 163.394547 81.062586 21.190963 19.608087 15.556188 6.125825
INLAND 1210 164.394547 79.062586 21.190963 20.608087 15.556188 6.125825
INLAND 1210 164.394547 79.062586 21.190963 21.608087 15.556188 6.125825
INLAND 1210 165.394547 79.062586 21.190963 19.608087 15.556188 6.125825
INLAND 1210 166.394547 79.062586 21.190963 19.608087 15.556188 6.125825
INLAND 1210 169.394547 79.062586 21.190963 19.608087 15.556188 6.125825
INLAND 1214 161.051645 79.963572 20.954545 19.638325 15.809951 6.190111
INLAND 1214 161.394547 77.062586 21.190963 21.608087 15.556188 6.125825
INLAND 1214 164.394547 88.062586 21.190963 21.608087 15.556188 7.125825
INLAND 1214 164.394547 88.062586 21.190963 20.608087 15.556188 7.125825
INLAND 1215 160.051645 78.963572 18.954545 19.638325 17.809951 7.190111
INLAND 1215 164.394547 80.062586 21.190963 19.608087 15.556188 7.125825
